256
0 6
6 7
13 9
22 8
30 5
35 3
38 8
46 7
53 4
57 8
65 6
71 5
76 5
81 5
86 7
93 6
99 3
102 5
107 5
112 10
122 6
128 10
138 2
140 9
149 9
158 7
165 8
173 8
181 2
183 5
188 5
193 5
198 5
203 7
210 4
214 7
221 6
227 9
236 7
243 7
250 4
254 7
261 6
267 4
271 6
277 3
280 4
284 3
287 7
294 6
300 6
306 5
311 5
316 3
319 7
326 9
335 10
345 5
350 6
356 7
363 8
371 4
375 6
381 4
385 7
392 7
399 8
407 5
412 5
417 7
424 8
432 6
438 5
443 7
450 6
456 5
461 6
467 3
470 6
476 6
482 8
490 4
494 7
501 8
509 8
517 6
523 9
532 6
538 7
545 7
552 7
559 3
562 9
571 6
577 9
586 4
590 6
596 5
601 7
608 8
616 7
623 4
627 7
634 5
639 6
645 3
648 4
652 7
659 7
666 8
674 5
679 5
684 7
691 4
695 3
698 6
704 6
710 5
715 5
720 5
725 10
735 9
744 3
747 3
750 4
754 6
760 6
766 6
772 3
775 5
780 10
790 7
797 6
803 5
808 6
814 4
818 6
824 4
828 5
833 5
838 4
842 4
846 4
850 7
857 4
861 6
867 5
872 8
880 6
886 10
896 7
903 7
910 10
920 6
926 9
935 10
945 6
951 3
954 6
960 7
967 4
971 8
979 6
985 5
990 11
1001 4
1005 7
1012 5
1017 5
1022 7
1029 4
1033 5
1038 5
1043 6
1049 4
1053 4
1057 6
1063 5
1068 10
1078 5
1083 3
1086 3
1089 5
1094 3
1097 7
1104 4
1108 3
1111 7
1118 3
1121 6
1127 8
1135 4
1139 7
1146 5
1151 4
1155 5
1160 12
1172 7
1179 5
1184 8
1192 4
1196 8
1204 6
1210 5
1215 7
1222 4
1226 8
1234 6
1240 3
1243 7
1250 5
1255 7
1262 6
1268 7
1275 8
1283 7
1290 5
1295 8
1303 7
1310 5
1315 8
1323 4
1327 6
1333 2
1335 6
1341 5
1346 5
1351 4
1355 3
1358 5
1363 6
1369 5
1374 7
1381 5
1386 7
1393 5
1398 10
1408 6
1414 3
1417 6
1423 7
1430 6
1436 5
1441 8
1449 9
1458 5
1463 4
1467 3
1470 8
1478 5
1483 6
1489 8
1497 5
1502 9
1511 7
1518 4

98

1522
0 3
0 3
51 1
21 9
193 1
207 7
216 4
164 9
173 6
63 3
39 1
147 4
239 5
56 7
86 2
145 3
210 5
43 6
118 5
164 7
226 2
245 8
74 6
164 10
6 6
84 10
38 3
93 2
143 7
172 10
199 10
211 9
108 1
145 9
194 5
160 9
214 1
208 9
3 6
92 2
220 4
83 1
54 7
87 3
116 4
123 7
7 4
7 4
98 3
236 6
27 5
27 5
247 4
45 3
86 10
181 4
235 1
115 3
253 6
73 4
135 4
189 8
192 9
224 10
230 3
193 6
212 4
68 3
172 7
213 8
246 6
138 10
73 10
73 9
149 5
174 9
55 6
208 6
205 10
32 4
142 4
153 5
190 7
191 3
31 7
24 2
84 6
63 2
62 3
130 5
139 7
237 5
251 8
130 5
41 6
30 9
29 6
40 6
71 1
80 3
73 3
172 10
232 6
26 6
250 7
25 3
112 3
31 3
152 2
207 1
220 2
244 5
64 2
161 2
201 6
115 2
122 9
128 4
149 9
184 5
212 3
218 6
130 3
121 1
152 3
76 2
155 2
237 4
30 7
139 10
0 9
93 6
126 4
166 6
187 8
191 4
202 2
217 3
32 6
149 7
241 10
35 2
209 8
37 2
119 7
121 8
171 4
214 9
253 4
75 7
145 10
244 6
13 2
44 5
55 1
95 2
118 2
179 6
77 2
17 3
245 7
216 6
33 7
148 9
154 1
17 6
121 8
67 7
30 5
32 2
171 10
232 2
232 7
7 5
187 1
7 5
33 10
38 1
77 1
210 8
218 2
153 1
92 8
155 9
138 3
15 6
99 4
107 2
15 9
21 7
26 5
171 5
212 1
13 7
18 3
65 2
233 9
76 9
22 6
26 2
12 4
46 9
118 2
27 10
148 8
74 7
229 5
25 7
94 1
159 5
244 4
236 4
90 9
248 3
23 2
48 8
190 1
119 5
171 6
187 7
214 6
232 2
174 10
60 3
178 2
97 3
238 2
99 6
164 2
23 2
204 3
42 5
72 3
73 6
125 3
227 2
27 1
253 10
3 3
60 8
125 7
191 6
201 7
1 1
133 1
207 4
251 4
182 6
217 5
244 1
15 6
154 4
60 10
81 7
15 6
212 2
99 10
248 4
164 5
130 9
209 6
60 4
114 4
213 5
37 5
111 4
154 9
2 6
56 10
72 10
231 4
24 5
232 7
83 3
125 1
128 3
152 2
8 3
183 6
132 9
84 8
189 8
32 9
198 2
151 1
111 2
101 5
35 8
196 5
113 10
187 9
156 7
209 3
250 3
104 1
247 8
202 1
204 7
103 10
163 7
120 6
98 10
62 7
140 3
179 4
235 2
0 1
53 2
214 6
168 5
86 2
120 5
164 1
145 9
106 10
117 7
51 2
136 6
146 8
69 5
6 7
115 4
92 6
120 10
177 6
249 5
12 6
192 5
59 1
168 5
24 1
105 5
146 2
196 3
254 10
2 7
43 10
136 5
220 8
89 5
59 3
100 5
122 8
157 1
234 7
131 1
194 7
116 7
130 3
70 6
98 10
221 10
201 1
186 10
202 10
242 4
55 1
56 3
96 5
234 1
82 6
148 7
156 8
36 3
42 4
116 1
38 8
40 10
69 1
69 7
236 10
164 2
157 7
79 9
153 7
50 7
14 3
80 10
135 1
65 4
178 4
1 3
14 2
87 1
147 8
19 2
230 5
254 10
194 1
159 8
210 4
217 10
31 2
214 7
147 10
62 4
193 6
222 7
249 9
113 1
80 5
85 9
67 5
101 6
134 10
136 7
174 4
26 7
66 5
166 1
90 8
253 3
217 1
10 3
129 1
187 6
250 5
54 5
121 7
60 1
60 7
217 5
102 5
222 2
57 6
82 6
124 7
87 9
71 4
100 6
111 8
240 8
165 9
220 3
70 4
15 1
145 7
241 4
37 3
43 10
109 10
221 7
236 5
11 10
11 9
16 3
37 6
88 8
9 4
102 3
3 6
33 7
102 6
120 10
154 9
192 4
24 7
164 7
169 5
84 6
181 1
20 2
31 9
224 4
109 4
178 9
191 4
25 2
27 1
201 3
209 8
253 2
137 8
178 10
188 4
210 9
61 9
231 10
121 3
104 4
116 7
156 8
16 3
62 10
66 5
147 2
83 4
107 10
149 8
158 7
126 1
40 7
148 2
255 7
70 6
126 8
229 10
59 6
226 5
208 7
228 4
6 1
80 4
251 6
44 3
235 8
91 8
117 9
231 2
3 10
14 6
46 8
155 10
75 6
97 7
94 10
160 4
66 9
250 7
85 9
85 9
143 6
211 1
2 2
8 10
232 3
51 2
241 6
124 9
160 1
165 6
206 6
63 1
70 9
6 3
236 8
184 4
215 4
73 8
109 5
152 4
167 8
99 10
187 6
255 7
56 5
220 10
97 3
213 5
114 1
133 4
204 8
67 8
222 10
192 9
34 9
150 9
219 5
248 8
131 1
182 8
83 8
6 2
28 8
54 6
198 4
162 5
199 8
136 9
141 4
235 5
21 6
104 5
147 3
3 2
199 7
219 8
129 7
94 4
94 4
33 1
84 10
124 5
206 7
213 5
242 7
154 8
206 1
24 2
236 1
59 5
202 8
218 9
98 2
152 4
183 6
84 7
89 3
132 10
36 3
159 2
7 3
50 10
58 10
96 2
248 3
130 3
107 9
29 4
37 6
41 10
204 4
88 10
177 9
215 7
241 2
70 6
56 5
169 2
251 5
141 10
141 6
142 4
47 5
66 6
177 7
136 8
74 6
69 5
73 3
193 1
121 8
159 2
251 10
49 10
179 10
150 6
190 4
155 1
49 1
93 5
193 3
79 4
251 4
151 4
204 6
55 5
226 3
52 10
126 3
108 8
229 4
98 9
80 10
29 2
109 6
188 3
224 8
250 4
133 6
4 1
106 8
173 8
192 8
238 8
254 4
76 4
88 5
107 6
72 10
163 8
200 6
209 3
252 4
245 4
176 8
195 7
203 4
240 9
47 2
42 4
120 8
70 8
214 9
254 10
116 4
17 3
242 6
142 4
169 8
211 7
48 10
66 1
224 10
192 2
42 4
89 1
139 6
9 3
54 4
19 2
206 5
119 1
241 7
57 7
60 1
112 4
79 7
141 7
6 4
232 5
52 7
83 9
135 2
184 4
2 5
32 2
24 2
153 4
170 5
23 7
115 1
35 5
252 7
168 2
50 6
52 5
74 10
111 8
215 6
54 10
196 6
179 1
162 7
253 8
20 1
26 8
69 7
79 3
102 8
154 5
155 2
23 8
195 3
56 8
19 9
252 7
6 7
217 3
149 1
70 7
166 6
86 9
94 5
37 3
44 1
38 7
150 8
151 10
197 10
81 1
82 8
106 3
139 9
21 4
200 8
156 10
217 9
159 1
131 8
166 9
167 9
19 4
44 3
225 4
94 7
136 1
246 7
189 2
68 1
15 5
20 3
57 3
98 3
41 9
178 9
14 5
168 3
173 3
201 3
57 1
91 1
127 8
150 9
172 7
195 3
217 3
45 9
97 10
237 3
134 8
180 9
244 8
39 1
108 6
184 9
89 4
203 8
132 8
66 10
152 9
251 6
237 2
227 10
62 1
9 4
117 2
233 3
53 6
56 5
101 8
129 1
92 9
66 7
78 8
231 2
196 3
202 3
11 10
29 3
149 2
182 1
146 6
21 10
114 6
126 9
14 7
235 1
230 6
162 4
50 3
197 8
116 7
92 4
100 10
100 6
100 4
12 4
185 4
112 4
85 6
3 7
196 4
254 6
188 10
214 6
219 10
178 5
206 4
195 7
157 2
2 3
24 10
52 9
71 7
4 9
221 6
53 8
138 6
55 2
252 3
164 5
63 8
65 10
80 2
93 3
218 8
1 4
239 2
233 5
33 8
59 7
25 9
81 2
209 2
251 2
11 5
22 7
138 2
227 6
80 8
123 1
19 9
161 3
175 6
182 2
103 6
131 9
203 5
90 9
215 8
125 8
155 10
47 1
104 4
189 8
228 5
125 10
163 10
168 7
18 2
20 3
88 4
134 9
186 5
197 8
96 4
44 2
165 6
215 8
13 5
28 1
61 7
118 4
178 1
162 2
40 4
74 9
95 8
121 5
42 9
173 4
25 1
247 5
252 1
29 9
84 10
121 2
150 10
20 2
103 1
164 7
211 2
233 6
245 10
127 10
48 7
79 8
59 8
197 5
220 9
61 7
56 1
144 2
237 8
225 2
165 4
80 7
173 3
201 5
64 8
127 1
33 5
102 2
97 2
241 2
239 6
5 9
243 5
86 1
84 4
19 2
149 3
199 10
204 9
162 3
177 5
230 6
243 9
92 5
140 4
153 2
120 7
236 8
161 3
109 8
49 7
151 10
198 4
207 6
1 9
3 10
37 2
41 5
52 1
61 2
75 7
146 5
2 7
155 7
255 8
71 9
158 4
86 6
152 6
67 1
124 6
127 9
237 2
21 6
236 3
211 3
88 8
127 9
240 7
176 9
199 2
51 5
55 5
151 7
119 2
130 3
75 5
100 2
200 1
238 1
112 8
248 3
253 9
234 7
118 5
190 7
199 9
30 5
172 4
35 6
23 4
26 10
171 4
3 10
10 7
16 10
131 7
1 6
154 4
254 10
108 8
158 3
130 3
36 10
66 4
11 9
229 5
149 6
197 7
224 2
211 10
110 8
167 9
196 6
206 2
219 10
245 3
101 7
161 5
54 6
99 9
180 5
36 2
76 9
130 9
144 5
153 1
231 3
62 4
187 7
78 10
195 4
103 10
120 1
24 6
50 4
181 9
132 9
248 2
177 5
179 9
8 4
75 1
91 8
138 1
39 6
149 2
234 8
45 6
96 6
218 1
133 9
19 5
87 4
117 4
211 2
215 3
218 2
142 4
244 5
203 7
249 1
152 5
216 3
58 10
27 1
48 9
178 7
21 8
68 6
35 7
88 6
143 10
107 3
78 4
46 8
129 2
151 8
9 8
199 5
227 9
13 7
35 1
103 4
243 8
170 7
204 3
226 2
233 7
13 3
38 6
21 4
76 4
55 5
90 9
113 2
108 8
9 9
74 4
220 9
10 6
102 1
104 3
65 6
0 1
57 7
64 1
239 1
4 5
144 7
110 7
131 3
178 4
121 3
48 5
120 6
137 3
143 4
176 6
199 6
213 4
55 3
234 1
207 2
239 4
244 1
152 8
175 7
125 10
156 5
140 8
216 8
221 4
92 4
163 4
222 6
46 2
210 3
4 10
92 8
161 10
189 5
196 6
170 9
93 7
167 2
126 8
169 1
109 6
222 5
19 6
58 1
77 3
130 3
38 7
158 5
223 9
234 3
49 1
96 8
21 2
137 3
58 10
228 1
150 5
185 7
133 8
110 4
205 8
37 3
49 7
99 4
105 6
161 9
190 3
89 8
12 10
239 5
203 8
206 5
95 1
115 5
144 4
176 2
205 5
94 7
86 6
225 6
39 4
196 2
0 7
163 6
18 1
229 1
12 6
82 7
5 9
23 8
78 8
48 3
41 6
109 3
148 2
234 1
2 5
27 8
198 3
64 4
78 9
4 9
85 1
184 2
166 3
155 2
175 10
112 7
10 4
41 2
224 7
30 1
220 9
19 3
42 5
89 5
196 4
94 5
10 8
250 9
246 2
5 1
51 6
65 7
111 9
35 6
143 6
23 9
242 2
120 6
150 8
87 4
99 7
184 3
152 8
240 9
1 4
25 6
186 3
197 8
240 9
68 1
69 5
123 3
127 9
39 5
131 3
64 10
21 3
96 9
147 8
183 1
27 2
19 6
184 2
243 8
93 8
176 10
90 5
143 10
230 9
6 4
56 8
71 3
89 10
212 9
156 9
192 9
18 2
58 10
145 6
197 4
72 7
90 10
198 6
200 5
65 7
69 2
244 9
244 1
201 9
76 4
113 10
175 2
212 7
107 8
9 10
158 2
128 4
236 2
249 1
206 6
82 5
2 2
190 2
105 3
243 3
149 6
189 9
134 10
37 2
151 5
82 4
202 1
33 5
82 10
106 4
207 1
174 5
64 5
140 6
161 6
9 3
219 9
243 7
79 10
137 2
178 3
43 4
83 2
17 6
36 2
44 7
86 3
117 5
26 2
26 7
31 9
147 5
135 3
190 7
155 6
59 1
170 7
196 1
56 7
201 3
182 8
209 1
83 8
139 1
50 2
8 1
92 5
7 6
34 4
87 8
162 8
166 3
225 2
95 1
60 10
72 5
243 5
132 3
134 2
158 8
166 2
20 4
14 5
169 1
108 8
36 2
147 2
194 1
205 5
159 6
196 4
1 5
167 7
216 9
70 8
215 9
253 4
110 9
254 4
23 10
86 6
159 2
99 2
71 4
115 7
112 6
94 7
58 4
255 2
214 2
160 5
190 8
218 8
226 3
230 7
161 9
236 5
248 7
24 6
34 4
132 8
185 5
223 1
18 5
222 9
196 1
39 1
25 7
110 4
2 8
176 3
155 10
129 7
10 6
249 6
213 2
49 8
7 4
154 5
41 4
98 3
169 3
180 2
243 7
90 8
253 7
34 3
225 1
246 6
54 5
65 9
185 1
17 7
85 7
213 9
68 5
48 3
107 4
39 4
83 6
100 5
104 4
134 6
14 8
148 2
102 10
119 7
122 7
146 3
109 4
154 1
9 6
38 10
78 2
240 4
248 7
23 4
67 3
120 8
169 9
64 10
112 10
143 6
173 10
240 4
55 10
108 4
242 2
88 7
164 8
81 7
